0030
0040
0050
1000
1010
1011
1020
1030
1040
1050
1060
1070
1080
1090
1210
1220
1230
1240
1250
1260
1270
1290
1410
1420
1440
1450
1460
1470
2000
2010
2020
2030
2040
2070
2080
2090
2210
2220
2230
2231
2232
2240
2241
2242
2250
2260
2270
2271
2272
2280
2290
2410
2411
2412
2413
2414
2420
2430
2440
2450
3000
3010
3020
3021
3022
3023
3030
3050
3051
3052
3100
3220
3230
3250
3300
3410
3420
4000
4010
4020
4030
4040
4060
4080
4090
4200
4210
4220
4230
4231
4232
4240
4260
4280
4290
4410
4420
4430
4440
4450
4451
4452
4460
4470
4480
4490
4500
4510
4520
4530
4540
4550
4560
4570
4580
5000
5010
5020
5040
5050
5070
5210
5211
5212
5213
5215
5216
5217
5220
5221
5223
5224
5225
5226
5227
5228
5240
5250
5270
5410
5411
5430
5440
5460
5480
5490
6000
6010
6020
6030
6031
6032
6040
6050
6051
6052
6053
6054
6060
6070
6080
6090
6100
6101
6102
6110
6120
6130
6210
6211
6212
6220
6230
6234
6235
6236
6237
6238
6250
6260
6270
6280
6281
6282
6283
6290
6300
6310
6320
6330
6410
6420
6430
6440
6450
7000
7010
7011
7012
7013
7020
7030
7040
7050
7060
7220
7230
7240
7250
7400
7410
7420
7430
7440
7450
7460
7470
7480
7490
7500
8000
8010
8410
8420
8430
8440
8450
8460
8470
8480
8481
8482
8490
8491
8492
8493
9000
9010
9020
9210
9220
9410
9420
9430
9440
9450
A000
A010
A011
A012
A013
A210
A410
B000
B010
B020
B220
B410
B420
B430
B440
B450
B460
B470
B471
B472
B473
B474
B480
H000
H010
J000
J100
J110
